0
172
1 0
2 77
4 18705
8 18883
10 18942
11 19061
14 19180
20 19240
22 19415
23 19534
26 19593
27 19712
28 19832
30 19892
31 20011
33 20070
34 20189
37 20249
42 20368
44 20426
45 20545
46 20664
48 20724
49 20843
51 20902
52 21021
56 21319
60 21378
61 21496
63 21556
64 21675
66 21734
67 21853
69 22270
71 22330
74 22389
76 22567
78 22685
81 22745
84 22923
85 23042
86 23161
88 23220
89 23339
92 23399
94 23517
96 23577
97 23696
99 23755
100 23874
102 23993
104 24052
106 24171
112 24231
113 24348
115 24408
116 24527
118 24586
121 24645
123 24764
124 24883
127 24943
132 25062
135 25178
136 25297
138 25476
140 25535
141 25654
142 25773
144 25833
147 26130
150 26308
151 26427
153 26487
155 26605
158 26665
161 26783
164 26842
165 26961
167 27021
170 27259
172 27437
174 27496
175 27615
177 27675
183 27794
186 42375
187 42494
189 42613
190 42732
194 42792
195 42911
198 43030
202 43089
205 43267
206 43386
208 43446
209 43565
211 43684
214 43743
215 43862
218 44041
220 44100
222 44279
223 44398
224 44517
227 44576
228 44696
231 44756
232 44875
235 45053
236 45172
239 45232
240 45351
242 45410
243 45529
245 45589
246 45708
248 45827
250 45886
251 46005
253 46184
256 46243
257 46362
259 46481
260 46660
262 46898
265 47136
268 47195
274 47314
277 47550
283 47610
285 47725
286 47844
288 47904
292 48082
293 48200
295 48259
296 48378
298 48497
300 48676
302 48736
303 48855
305 48914
306 49033
307 49152
313 49213
314 49328
316 49387
317 49506
320 49566
321 49685
323 49804
325 49923
326 50042
328 50220
333 50281
335 50397
337 50516
339 50695
342 50755
344 50873
346 50932
352 51172
355 51287
357 51346
358 51465
362 51584
364 51762
366 51940
370 52000
372 52116
